6.482832409212363478e-01
6.512339300505788353e-01
6.013839646981933296e-01
6.558200727002231334e-01
6.740281555803574465e-01
6.865097912536273217e-01
6.781699905727927025e-01
6.351914433013995387e-01
6.620742583215892818e-01
6.312895384873445925e-01
6.140689040951952116e-01
6.322508185689198479e-01
6.667572080288531877e-01
6.682412830136804649e-01
6.200243255298563128e-01
6.527070818751931069e-01
6.472845238564548520e-01
7.082087491206904284e-01
6.892503381601692292e-01
6.165918797675588037e-01
6.644572742288101797e-01
6.494998608248367944e-01
6.337234723116209612e-01
6.801615986507912881e-01
6.320193826046275332e-01
6.565440255064736164e-01
6.675155758222303115e-01
6.294058545067509058e-01
6.297397611056084754e-01
6.971744975516124265e-01
6.429368276736525667e-01
6.748738638845841464e-01
6.746265117829876035e-01
6.447607611820463935e-01
6.579110518514441619e-01
6.293186566767763335e-01
7.083808421577193482e-01
6.978913385396223745e-01
6.608363569238536739e-01
6.220249591029369807e-01
6.325892275828306488e-01
6.326858436056026491e-01
6.983039008807276904e-01
6.479102357884451990e-01
6.338679954519350623e-01
6.504181491416671790e-01
6.659956019761957835e-01
6.221575095324336502e-01
6.300995429997138242e-01
6.905610958723708004e-01
6.866397659506131568e-01
7.236640488580347030e-01
6.233654610935440710e-01
6.352224250122083804e-01
6.737978559152001390e-01
6.303566650798352322e-01
6.763643797189143880e-01
6.125173599508929589e-01
6.788298803193310027e-01
6.584739189941670734e-01
6.720312926319840230e-01
6.743826879328199686e-01
6.546090350050784989e-01
7.119664542186915357e-01
6.220747962421684374e-01
6.550966003399687487e-01
9.335653720070746786e-01
6.723534032226782253e-01
6.570934438503412967e-01
6.420455550313797222e-01
6.474488615575059169e-01
6.517551711791180757e-01
6.894690287295632825e-01
6.668986553718352361e-01
6.404499572837374366e-01
6.622700090040454235e-01
6.555569545782564678e-01
7.003864655640706927e-01
6.648761097359313643e-01
6.483399128275234569e-01
6.734813418297590504e-01
6.321377452540507536e-01
6.234937592611303758e-01
6.294282833534755595e-01
6.661068209687667219e-01
6.467912917151739105e-01
6.721201833143907178e-01
6.266415083185944424e-01
6.804155540123619783e-01
6.651453845376299467e-01
7.048965940237317263e-01
6.775039116048258148e-01
6.206164642079837757e-01
6.364750586957352851e-01
6.785953711380594555e-01
6.609822829140552525e-01
6.759222664356656640e-01
7.162245478584026159e-01
6.038157439855411646e-01
6.216866635689863863e-01
6.153971984576204202e-01
6.331702867074138208e-01
5.896355296303074089e-01
6.892679355781677897e-01
6.474925157384620045e-01
6.599096041632872556e-01
6.372508092296651494e-01
6.591225718141476841e-01
6.787544506354121765e-01
6.928536338026101138e-01
6.700366820944946289e-01
6.308267311524801135e-01
6.651708676739152004e-01
6.598976275049943663e-01
9.570659938599834771e-01
6.483079368121257291e-01
6.613576224885852062e-01
6.261570999940290205e-01
6.250047064805234198e-01
6.808568396108581888e-01
6.901411875144244368e-01
6.925159652689564238e-01
6.164026265011641748e-01
6.705177131734664231e-01
6.504572242714532493e-01
6.401486657825804505e-01
6.858835027814700336e-01
6.349807665139232116e-01
6.805514151494798103e-01
6.809260245443152781e-01
6.332518616716124038e-01
6.441546600624091790e-01
6.053453264831893943e-01
6.656263187535494952e-01
6.488687213158581546e-01
6.379690249903987587e-01
6.620539319508457199e-01
6.860206415707601479e-01
6.068555977178929917e-01
6.510354377248687152e-01
6.810293357177784612e-01
6.590770729113195614e-01
6.446339994794569872e-01
6.661530092508484158e-01
6.667994107328593101e-01
6.605452160167190057e-01
6.776451170619995912e-01
6.517962781674684347e-01
6.262544232710769432e-01
6.396973168338759841e-01
6.334847410808864820e-01
6.617404347217283878e-01
6.009246194987407641e-01
6.284456897214768523e-01
6.543257463025801135e-01
6.233194473084342491e-01
6.916936931580652814e-01
6.618718517069689389e-01
6.386810734748924467e-01
6.872965387861311726e-01
6.492850894131566575e-01
6.525189843972598602e-01
6.271280026967578358e-01
6.957623572257669586e-01
6.164039421147757825e-01
9.741362666276199844e-01
6.580542718997196561e-01
6.670015115021513674e-01
6.413505271109543049e-01
6.544219800247855767e-01
6.344468377897203304e-01
5.750203768158823614e-01
6.503494442186812385e-01
6.607938558007814267e-01
6.446159610324545541e-01
6.844144266861852399e-01
6.589607699717460187e-01
6.317870693212795929e-01
6.553608367063189499e-01
6.297768874655337301e-01
5.993837208585625076e-01
6.394655406781448725e-01
6.375843992765373169e-01
9.689265027631028815e-01
6.606011364816786191e-01
9.585842242802079527e-01
6.752997716591543353e-01
6.478963522700693645e-01
6.195323932591572103e-01
6.008938593832332531e-01
6.072766825255688783e-01
6.337356425497543411e-01
6.395138127304635933e-01
6.831608568341130949e-01
6.640016239834849454e-01
6.200820951732696207e-01
6.408397404478947124e-01
9.722021906944917635e-01
6.185415453730013224e-01
6.423682700892039410e-01
6.489357350076001563e-01
6.530928656824273038e-01
6.521896101513646737e-01
7.140133345950029353e-01
9.723437238164219787e-01
6.833979701674894880e-01
6.485625246067193705e-01
9.656901918618675529e-01
6.515092818686646359e-01
6.310671136809036241e-01
6.294301674411431069e-01
6.769872652134334423e-01
6.361662387531598073e-01
6.287723936536284697e-01
6.276226271925939848e-01
6.454031823529905454e-01
6.582566406033228956e-01
6.211933256976357454e-01
6.461088424322883883e-01
6.143013777156851596e-01
6.120497045872784758e-01
5.907717962951043456e-01
5.848473590737186534e-01
6.249291404414357709e-01
6.650398939358634909e-01
6.052651239507648162e-01
6.098017342206208946e-01
6.200905011439609149e-01
6.211893230730668458e-01
6.734034151650849509e-01
6.543803452675248655e-01
6.249989386467571517e-01
6.884184069071929146e-01
6.271754125738775443e-01
6.101336243917722113e-01
5.981169012074509794e-01
6.538107153298822194e-01
6.041064303203330654e-01
6.354322867302216737e-01
6.599440759791271871e-01
6.445637204888069460e-01
5.743242057274112744e-01
6.103343718864381318e-01
6.336407654889425478e-01
6.275390919864165529e-01
6.772531027476252907e-01
6.664591570891393868e-01
6.247869644069565798e-01
6.253909229223917343e-01
6.533967384475890539e-01
6.588121943695038896e-01
6.414134660866408488e-01
6.359642585924067948e-01
6.926694421242516331e-01
6.331952274705591188e-01
6.779914814504017784e-01
6.572011444113908807e-01
6.448891342031833895e-01
6.607850480665433679e-01
6.633702206595564199e-01
6.542961199424319751e-01
6.813435416157800351e-01
6.323748366479778893e-01
6.225150644718314696e-01
6.501097095121728398e-01
6.552197241245826254e-01
6.511334849511235534e-01
6.714618845868293162e-01
6.551431698277739857e-01
6.343867132256902908e-01
6.221542285420552654e-01
6.649294169262686127e-01
6.699029814926529269e-01
6.413176760717047564e-01
6.912128477936612114e-01
6.754342068174875591e-01
6.508591649175988758e-01
6.643558178138156967e-01
6.577064636593159541e-01
6.240447322318461998e-01
6.297005526163791389e-01
6.077312369330392094e-01
6.789955597568730905e-01
6.138345676947218887e-01
6.225512460146322979e-01
6.488003981873361470e-01
6.103082865421115555e-01
6.670560010604836831e-01
6.715460725804240916e-01
6.785871112090122725e-01
6.269506018581532114e-01
9.700494617565331712e-01
6.625885615266469131e-01
6.292869904086754174e-01
6.722617500354889364e-01
6.316912608803014750e-01
6.741450722846357158e-01
6.704180559594604683e-01
6.202702800354633617e-01
6.552035090658845373e-01
6.865861939662466495e-01
6.665197137834769636e-01
6.707353122115284894e-01
6.410907611026477326e-01
6.480714291274661809e-01
6.532871062330006806e-01
6.664637246530734638e-01
9.716585299598607950e-01
6.819981235250811569e-01
6.473797080760764766e-01
7.275772080650381168e-01
6.422342398202360858e-01
6.893050686872655985e-01
6.788121632021998364e-01
6.633859059583632201e-01
5.963508697391236568e-01
6.675322161007795074e-01
6.553874048844529066e-01
6.664826656399200910e-01
7.000804553765046512e-01
9.513337593885827781e-01
6.563676444661228349e-01
6.566762804516832475e-01
6.503945034233195033e-01
6.536586048035846197e-01
6.590622163982000625e-01
6.580531831259912590e-01
6.657359199425453289e-01
6.919247340505165766e-01
6.514307960804310849e-01
6.277766149189010214e-01
7.250953983411856374e-01
6.454698844223345500e-01
6.681459730279851739e-01
6.661896780427790654e-01
6.404633619838457914e-01
6.245317307833042619e-01
6.506233350963884776e-01
6.364485159785776558e-01
6.481771331908051659e-01
6.231631039809312211e-01
6.687298954195581846e-01
5.962281567964498041e-01
6.383018954777667231e-01
6.643100178582056481e-01
6.559118670179842070e-01
6.988615389085891527e-01
6.918395284388110245e-01
6.739915812784227356e-01
6.773412005833649996e-01
6.564353654941136318e-01
6.480372631101632974e-01
6.406494506853933624e-01
6.524153421179437196e-01
6.576669612162711065e-01
6.473014040146390924e-01
6.706911119895070383e-01
6.684988905962693240e-01
6.686143803558005638e-01
6.549173924480069520e-01
6.851554040581727678e-01
6.842623849732974994e-01
6.399599967821794078e-01
6.202609239820132681e-01
6.601117616831573276e-01
6.594876579041230036e-01
6.592100499793520640e-01
6.674860699404314701e-01
6.228368784660565094e-01
6.487809397509934906e-01
6.597515670432574364e-01
6.250557508915053351e-01
6.772661566059141602e-01
6.521474366350520357e-01
6.548080626429887419e-01
6.474295097731642690e-01
7.000723990822431686e-01
6.843506442372615517e-01
6.627874221853857772e-01
6.626944584685497963e-01
6.589648793707131302e-01
6.516467378808852295e-01
6.505645090599434521e-01
6.516934259356876868e-01
7.109363573378494339e-01
6.898051159164989565e-01
6.620986968657283089e-01
7.086718228670333408e-01
6.772760843753230509e-01
6.633122955845408564e-01
6.684735056508046558e-01
6.373890037108712603e-01
6.147630226627782690e-01
7.143147556347982929e-01
6.344959841520740884e-01
6.354100389132804061e-01
6.789416666152781055e-01
6.432834710103629838e-01
6.223012763606136089e-01
6.391701018964691672e-01
6.456084524843037631e-01
6.429109034590749783e-01
6.602503328671530669e-01
6.813467343228354345e-01
6.329108052611448487e-01
6.320161268874965321e-01
6.571483905861594810e-01
6.305383423270336518e-01
6.777185571871586767e-01
6.421223484194891196e-01
6.440088062130516766e-01
6.511991375053388653e-01
6.554889161327925873e-01
6.666793490230628061e-01
6.524946624666896344e-01
6.405887075259234509e-01
6.374622337323169186e-01
6.811724087043050657e-01
6.913871041318990773e-01
6.780978738559093610e-01
5.960530649598502206e-01
6.931831520334174046e-01
6.707930846154976923e-01
6.727329322861526073e-01
6.639885145773235520e-01
6.469525600381283992e-01
6.637407197257679803e-01
6.651083735173473066e-01
6.345518947771878748e-01
6.227488039213047166e-01
6.407360957606869079e-01
6.827012273831877254e-01
6.775741139587837525e-01
6.218341417211297184e-01
5.869712304712836337e-01
6.358904413188374294e-01
6.836039409160673541e-01
6.022895542415790393e-01
6.280258438377648300e-01
6.664132793805166433e-01
6.687847626552685387e-01
6.399550149314869874e-01
6.565464191353065360e-01
6.836691090373714363e-01
6.573669972414760698e-01
6.705761849476696845e-01
6.735470892899463324e-01
6.817932374052142475e-01
6.591890307484541411e-01
6.198035664227328212e-01
6.622383820843195101e-01
6.959098844417321850e-01
6.678904311232030100e-01
6.066766752919346972e-01
6.676059347960198176e-01
6.571287138108952153e-01
6.503979567177615717e-01
6.796356303494059947e-01
6.749399096685042565e-01
6.496890493644885689e-01
6.643185118296873748e-01
6.679501197262613932e-01
6.578331879267576010e-01
6.155026529704544780e-01
6.536813198092313870e-01
6.650789835481785151e-01
6.839529124944783156e-01
6.924846729899026831e-01
0.000000000000000000e+00
0.000000000000000000e+00
0.000000000000000000e+00
0.000000000000000000e+00
0.000000000000000000e+00
0.000000000000000000e+00
0.000000000000000000e+00
0.000000000000000000e+00
0.000000000000000000e+00
0.000000000000000000e+00
0.000000000000000000e+00
0.000000000000000000e+00
0.000000000000000000e+00
0.000000000000000000e+00
0.000000000000000000e+00
0.000000000000000000e+00
0.000000000000000000e+00
0.000000000000000000e+00
0.000000000000000000e+00
0.000000000000000000e+00
0.000000000000000000e+00
0.000000000000000000e+00
0.000000000000000000e+00
0.000000000000000000e+00
0.000000000000000000e+00
0.000000000000000000e+00
0.000000000000000000e+00
0.000000000000000000e+00
0.000000000000000000e+00
0.000000000000000000e+00
0.000000000000000000e+00
0.000000000000000000e+00
